-3.61977
-3.82301
-3.83055
-4.05052
-4.3835
-4.5998
-3.99258
-4.36794
-3.42291
-3.92994
-3.27123
-4.38026
-3.82111
-4.14314
-4.23047
-3.36279
-3.66662
-3.5375
-4.33372
-4.14522
-4.19191
-3.80849
-3.81306
-3.94497
-3.22359
-3.90694
-3.68193
-3.14498
-4.56935
-4.39198
-4.42893
-3.62785
-3.34037
-3.17661
-4.15664
-3.54374
-3.78105
-3.80844
-4.00672
-4.08023
-3.98057
-3.66832
-3.17104
-3.83132
-3.45482
-4.25202
-3.94158
-4.17658
-3.61058
-4.12972
-3.97498
-4.17764
-4.29644
-4.01953
-4.40603
-3.86462
-4.02514
-4.07278
-4.49726
-3.19873
-3.24423
-3.77017
-3.6983
-3.59338
-3.59897
-4.51837
-4.219
-3.70748
-4.16471
-4.01283
-3.39873
-3.50233
-3.56173
-3.50809
-4.30726
-3.48589
-4.2809
-3.74593
-3.99911
-4.21145
-3.98355
-3.56037
-4.44826
-4.4354
-3.51748
-3.73498
-4.0304
-4.20977
-4.0981
-4.16432
-3.39662
-4.20222
-4.3327
-4.53713
-3.86818
-3.52439
-4.37083
-3.6997
-3.97371
-3.94968
